# Created by Octave 5.2.0, Sun Jul 19 21:58:59 2020 GMT <unknown@HERMES>
# name: DATA
# type: matrix
# rows: 134
# columns: 1
 1
 1
 5
 9
 9
 13
 22
 23
 27
 35
 41
 50
 69
 86
 109
 113
 130
 154
 173
 197
 227
 258
 290
 309
 324
 341
 369
 388
 403
 420
 436
 447
 457
 470
 506
 513
 525
 536
 547
 549
 555
 564
 557
 554
 543
 532
 513
 495
 484
 465
 445
 425
 404
 393
 384
 375
 364
 355
 347
 337
 336
 327
 314
 306
 294
 285
 277
 281
 287
 292
 288
 281
 295
 305
 301
 301
 301
 300
 313
 312
 335
 344
 359
 379
 377
 398
 413
 462
 497
 523
 552
 604
 620
 647
 727
 804
 869
 907
 951
 961
 990
 960
 990
 1064
 1101
 1169
 1222
 1227
 1293
 1445
 1554
 1641
 1749
 1860
 2007
 2220
 2417
 2636
 2882
 3232
 3442
 3653
 3883
 4437
 4709
 4983
 5327
 5701
 6005
 6395
 6831
 7104
 7595
 8086


